  -2.0431012e+00  -6.3173633e-01   1.1677527e+00   1.9009106e+00   2.0842527e+00  -7.4784934e-01   2.1433931e+00   1.1590937e+00   1.2278945e+00  -1.1183705e+00
   1.3280204e+00   2.9950546e-01   1.8223030e-01   1.4864658e+00   7.5224650e-01  -2.5277328e+00   3.5578956e-01  -1.0555110e+00   4.7227914e-01   1.3423491e+00
   1.0908143e+00   4.0606446e-01   1.8548177e+00  -8.3137240e-01  -6.2138496e-01   1.3211235e-01   1.1351709e+00   4.7754522e-01   9.2550584e-01   4.9797796e-01
   1.4229736e-01  -2.1450224e-01   9.9927075e-01  -1.2900733e+00  -2.1242140e-01   8.9266700e-01   1.4366803e+00  -4.8097393e-01   6.8474884e-01   7.2102572e-01
  -1.1590335e-01   9.3553952e-01   1.7920416e+00  -1.1670037e+00   1.9500781e-01  -4.6145093e-01  -6.5903373e-01  -6.8363317e-03   7.8647170e-01   9.6391622e-02
   3.2156417e-01   3.8346044e-01   1.8797470e+00  -3.7161723e-01  -1.2327309e+00   2.5119815e-01   1.8018747e+00  -5.0113209e-01  -8.7308039e-01   5.6198398e-01
  -1.8733718e+00  -2.1172573e+00   1.3534293e+00  -1.9298314e-01  -9.6837055e-01  -1.1769084e+00  -2.0801571e+00   3.5985659e-02  -6.3122706e-01  -1.9521753e-02
  -1.4168167e+00  -5.9310516e-01   7.8997132e-01   6.9528997e-01  -1.3983323e+00   1.7022795e-02   2.8229111e-01   1.0059008e+00  -7.1786594e-01   1.3628544e+00
   4.1902132e-01  -1.5647490e+00   1.7528001e+00   1.3103742e+00   3.8565624e-01   1.7886430e+00  -1.1906826e+00  -1.6041755e+00   3.9830148e-01   1.3045092e-01
   1.5607134e-02  -9.3771716e-01  -2.3463134e-01  -8.3943683e-02  -4.1784291e-01   1.0682519e+00   2.4089495e-01  -2.8280096e+00   1.5584877e+00  -1.2785349e+00
