  -1.4750692e+00  -5.7452050e-01  -5.6997724e-03   6.6482107e-01  -1.0416346e-01  -8.9788553e-01  -9.0199420e-01  -6.0653241e-01  -4.0632512e-01   1.5528244e-01
   5.5921502e-01   4.9936628e-02   4.2157151e-01   8.6580267e-01   6.9479045e-01  -1.8507116e-01  -2.2188705e-02  -6.4921887e-01   7.3560917e-02  -7.9611763e-01
   6.3529990e-01   5.9435041e-01   1.1032539e+00  -1.1285190e+00   7.0464944e-01   2.7557575e-01  -1.0399669e+00   1.1685699e-01  -3.2902335e-01   7.7900364e-02
  -3.5941283e-01   3.7082705e-01  -5.2710465e-01  -2.6665594e-01  -5.1419772e-01   5.8211940e-01  -4.7299261e-02  -4.6312553e-01  -1.0196330e-01  -9.5226395e-01
  -5.8397201e-01   1.7714877e+00   1.3650084e-02   3.2122256e-01   7.9042812e-01   4.0939239e-01   3.3744753e-01   5.9421282e-01  -1.5480530e-01  -5.2376858e-01
  -1.7838597e-01   2.4992501e-01  -1.7316389e-01  -5.0365581e-03  -1.7668981e-01   2.8238696e-01  -1.0946511e+00   4.5147932e-01   1.0574056e+00  -7.4876994e-03
  -5.9132431e-01  -2.7049755e-01  -3.1303893e-01   6.3763039e-01   1.2741645e+00   7.8112123e-01   1.8207116e-01  -5.5285066e-02   2.7980292e-01   5.5727088e-02
  -2.0277429e-01   1.0079304e+00   1.4373188e-02   1.4803053e-01   4.5096233e-01  -5.8225930e-01   4.5211599e-01  -8.7080363e-01   4.3575309e-01   3.6516934e-01
  -9.0266896e-01   1.7486172e-01  -2.7450551e-01  -3.6615474e-01   6.0323483e-01  -7.6235455e-01   9.1978630e-01  -6.7399618e-02   5.3299604e-01  -9.4985707e-01
   3.8090137e-01   8.2704718e-01  -9.2975982e-01  -5.7094242e-01   1.0158878e+00  -3.9993664e-01  -7.4071738e-01   4.0730998e-01  -3.7080889e-01  -1.9351407e-01
