   9.9969248e-01   1.4943015e-01   6.2273290e-01   4.0383364e-01   1.7131901e-01  -3.3445291e-01   3.0592108e-01  -6.6833364e-01   3.7626143e-01  -7.4284801e-01
  -8.7832680e-01   1.2049224e-01   1.1117539e+00   4.4968789e-01   9.3737143e-01  -5.0191229e-01  -5.6387052e-02  -2.2201329e-01   3.0869258e-01  -7.1146117e-02
   3.4591293e-01  -5.0774140e-01   2.7320353e-01  -6.9732131e-01  -5.3565465e-01   1.1989116e-01   9.9156799e-02   2.4497104e-01   6.6504288e-01   8.3896636e-01
   1.3949616e-01   1.3674188e-01  -1.1279135e+00   1.0043940e+00   1.4491595e-01   5.2139125e-01   5.5777099e-01  -2.8672847e-01   6.9308848e-01   4.5567638e-01
  -8.5114730e-01   6.9321120e-01  -4.0305952e-01  -3.9557220e-01   7.1409908e-02   5.3492006e-01   9.4816025e-01   9.8575969e-01   3.9886127e-01  -2.4407489e-01
  -9.8840895e-02   2.3273018e-01   4.1981284e-01   1.5051973e-01  -1.5382750e+00  -4.5569004e-01  -3.3566363e-01  -7.7554117e-02  -4.4992407e-01   6.6633217e-01
   1.3020145e+00   6.0287630e-01   8.3941722e-01  -3.1855825e-01   8.9032715e-01   6.7630883e-01  -9.9307859e-01  -3.8827033e-01   4.0080811e-01  -3.1562559e-01
   1.3079623e+00  -5.0312287e-02  -6.8826929e-01   7.5238737e-01  -7.6791978e-01  -6.0488332e-01  -5.4057383e-01   1.0289876e+00   4.6398188e-01   6.4438686e-01
  -2.3522936e-01   3.6801088e-01  -9.1796198e-01   1.1699213e-01   4.8170127e-01  -6.0340202e-01  -3.8981213e-01  -4.9196406e-01   9.5311410e-01  -2.0223770e-01
  -1.5402909e-01  -6.6359836e-01   6.2848893e-01  -1.2937413e-01  -8.9654694e-01   1.7323453e+00  -8.8390154e-01   5.6901643e-01   2.0828207e-01  -6.0430147e-01
